  B matrix at iteration          5                                                     
                  1             2             3             4             5      
       1   0.000000D+00 -0.100000D+01 -0.100000D+01 -0.100000D+01 -0.100000D+01  
       2  -0.100000D+01 -0.132563D-01 -0.791890D-03 -0.233270D-03  0.324083D-05  
       3  -0.100000D+01 -0.791890D-03 -0.444953D-03  0.102430D-03 -0.494088D-04  
       4  -0.100000D+01 -0.233270D-03  0.102430D-03 -0.735881D-04  0.864342D-05  
       5  -0.100000D+01  0.324083D-05 -0.494088D-04  0.864342D-05 -0.788090D-05  
       6  -0.100000D+01  0.820038D-05 -0.858078D-05  0.205757D-05 -0.167770D-05  
                  6                                                                    
       1  -0.100000D+01                                                                
       2   0.820038D-05                                                                
       3  -0.858078D-05                                                                
       4   0.205757D-05                                                                
       5  -0.167770D-05                                                                
       6  -0.500992D-06
